4 0.34375 0.284375 0.34375 0.315625 0.346875 0.31875 0.346875 0.321875 0.35 0.325 0.35 0.33125 0.353125 0.334375 0.35625 0.334375 0.359375 0.3375 0.3625 0.3375 0.36875 0.34375 0.371875 0.34375 0.375 0.346875 0.378125 0.346875 0.38125 0.35 0.3875 0.35 0.390625 0.353125 0.396875 0.353125 0.4 0.35625 0.409375 0.35625 0.4125 0.359375 0.425 0.359375 0.428125 0.3625 0.440625 0.3625 0.4625 0.384375 0.490625 0.384375 0.50625 0.4 0.5125 0.4 0.515625 0.403125 0.51875 0.4 0.525 0.4 0.528125 0.396875 0.54375 0.396875 0.546875 0.39375 0.546875 0.359375 0.55 0.35625 0.55 0.353125 0.55625 0.346875 0.56875 0.346875 0.571875 0.34375 0.571875 0.265625 0.56875 0.2625 0.56875 0.259375 0.565625 0.259375 0.5625 0.25625 0.559375 0.25625 0.55625 0.253125 0.553125 0.253125 0.55 0.25 0.34375 0.25 0.34375 0.2625 0.346875 0.265625 0.346875 0.28125 0.34375 0.284375
7 0.015625 0.453125 0.015625 0.990625 0.996875 0.990625 0.996875 0.453125 0.015625 0.453125
6 0.75625 0.390625 0.75625 0.44375 0.759375 0.44375 0.7625 0.446875 0.803125 0.446875 0.80625 0.44375 0.8125 0.44375 0.8125 0.4 0.809375 0.396875 0.809375 0.35 0.7625 0.35 0.7625 0.38125 0.759375 0.384375 0.759375 0.3875 0.75625 0.390625
6 0.9727499999999999 0.45099999999999996 0.98125 0.45133333281250004 0.99975 0.4493333328125 0.99975 0.3193333328125 0.9955 0.31966666718750003 0.99125 0.3083333328125 0.992 0.307 0.9875 0.30533333281249997 0.9877499999999999 0.3036666671875 0.9772500000000001 0.3023333328125 0.9755 0.3063333328125 0.9727499999999999 0.3273333328125 0.9682499999999999 0.384 0.9672499999999999 0.3866666671875 0.96775 0.3916666671875 0.966 0.4 0.9657500000000001 0.4183333328125 0.96275 0.446 0.9662499999999999 0.44966666718750004 0.9727499999999999 0.45099999999999996
6 0.1635 0.44000000000000006 0.16499999999999998 0.44333333281250004 0.1825 0.44333333281250004 0.18425 0.43899999999999995 0.18375 0.42366666718749996 0.18025 0.3993333328125 0.1805 0.3866666671875 0.17875000000000002 0.37333333281250003 0.17825 0.355 0.1755 0.3323333328125 0.17250000000000001 0.3263333328125 0.1685 0.3243333328125 0.1665 0.325 0.158 0.32166666718750003 0.155 0.32366666718750003 0.1545 0.32799999999999996 0.15925 0.3843333328125 0.161 0.42000000000000004 0.1635 0.44000000000000006
6 0.9037499999999999 0.422 0.9045 0.3866666671875 0.9035 0.383 0.9045 0.3803333328125 0.9045 0.3756666671875 0.9029999999999999 0.3623333328125 0.90425 0.359 0.9027499999999999 0.3563333328125 0.90425 0.3523333328125 0.9032500000000001 0.3433333328125 0.9047499999999999 0.3386666671875 0.9047499999999999 0.324 0.9037499999999999 0.322 0.901 0.3213333328125 0.8965 0.324 0.8939999999999999 0.32799999999999996 0.8939999999999999 0.33199999999999996 0.8925000000000001 0.3346666671875 0.8865000000000001 0.3976666671875 0.8825 0.4273333328125 0.882 0.4413333328125 0.88375 0.44666666718750003 0.901 0.4446666671875 0.9037499999999999 0.422
6 0.34575 0.4423333328125 0.34700000000000003 0.43933333281250003 0.34625 0.4346666671875 0.3485 0.429 0.34775 0.4166666671875 0.34875 0.4086666671875 0.346 0.39 0.343 0.386 0.33849999999999997 0.38366666718750003 0.3345 0.38333333281250004 0.32799999999999996 0.37933333281250003 0.321 0.3786666671875 0.32025000000000003 0.38 0.31975 0.393 0.31975 0.4286666671875 0.32125 0.442 0.32425000000000004 0.44299999999999995 0.34575 0.4423333328125
6 0.0295 0.44333333281250004 0.03175 0.43933333281250003 0.03175 0.42766666718749996 0.0295 0.40099999999999997 0.02275 0.34500000000000003 0.019 0.3416666671875 0.01775 0.352 0.01775 0.3906666671875 0.01975 0.438 0.022 0.44333333281250004 0.0295 0.44333333281250004
6 0.708 0.4443333328125 0.714 0.44400000000000006 0.7150000000000001 0.44266666718750003 0.7150000000000001 0.4326666671875 0.7162499999999999 0.42533333281249996 0.7162499999999999 0.3933333328125 0.7150000000000001 0.38933333281250004 0.7135 0.3883333328125 0.70625 0.3896666671875 0.7015 0.3936666671875 0.69975 0.404 0.6990000000000001 0.4176666671875 0.6985 0.4296666671875 0.69975 0.437 0.6990000000000001 0.44266666718750003 0.708 0.4443333328125
6 0.26175000000000004 0.3996666671875 0.26125 0.40499999999999997 0.26349999999999996 0.43166666718749996 0.26549999999999996 0.442 0.269 0.44266666718750003 0.27075 0.43933333281250003 0.269 0.36833333281249997 0.26549999999999996 0.3596666671875 0.26175000000000004 0.36 0.2605 0.3623333328125 0.25925 0.366 0.26025 0.3693333328125 0.2595 0.3786666671875 0.26175000000000004 0.3996666671875
0 0.41624999999999995 0.44266666718750003 0.4175 0.4413333328125 0.418 0.43600000000000005 0.41725 0.433 0.41550000000000004 0.4313333328125 0.4095 0.4306666671875 0.40449999999999997 0.42766666718749996 0.39975 0.4266666671875 0.39049999999999996 0.42699999999999994 0.387 0.42833333281249997 0.384 0.43166666718749996 0.38225 0.43566666718749997 0.382 0.43899999999999995 0.38425 0.4423333328125 0.38875000000000004 0.4436666671875 0.41624999999999995 0.44266666718750003
0 0.434 0.441 0.4335 0.43566666718749997 0.4295 0.43200000000000005 0.42400000000000004 0.4303333328125 0.4175 0.43166666718749996 0.41775 0.44000000000000006 0.41875 0.44266666718750003 0.43274999999999997 0.44266666718750003 0.434 0.441