7 0 0.9963333328124999 0.017499999999999998 0.9973333328124999 0.9945 0.9973333328124999 0.99975 0.9956666671875001 0.99975 0.4526666671875 0.8967499999999999 0.4463333328125 0.64025 0.4386666671875 0.56825 0.4376666671875 0.41550000000000004 0.4386666671875 0.369 0.4363333328125 0.3625 0.4376666671875 0.35275 0.4376666671875 0.34975 0.4363333328125 0.34166675 0.4376666671875 0.28675 0.43666666718749997 0.23700000000000002 0.43833333281250003 0.18925 0.437 0.1875 0.43833333281250003 0.181 0.4386666671875 0.16325 0.4376666671875 0.14925 0.4386666671875 0.14675 0.4373333328125 0.027000000000000003 0.429 0.026500000000000003 0.42766666718749996 0.0215 0.4263333328125 0.018 0.43533333281250003 0.01875 0.4376666671875 0.014000000000000002 0.4443333328125 0 0.44733333281250004 0 0.9963333328124999
0 0.85 0.4446666671875 0.8532500000000001 0.4443333328125 0.8560000000000001 0.4413333328125 0.8634999999999999 0.4226666671875 0.86825 0.4193333328125 0.8707499999999999 0.41100000000000003 0.8699999999999999 0.40800000000000003 0.865 0.40366666718750005 0.8465 0.3996666671875 0.8305 0.4033333328125 0.79425 0.40366666718750005 0.73775 0.4103333328125 0.73075 0.41233333281249995 0.727 0.4176666671875 0.72675 0.42000000000000004 0.73475 0.43899999999999995 0.73975 0.44266666718750003 0.85 0.4446666671875
0 0.92875 0.438 0.9480000000000001 0.4423333328125 0.9897500000000001 0.445 0.99975 0.4443333328125 0.99975 0.375 0.92775 0.373 0.91375 0.40433333281249995 0.9115 0.4146666671875 0.9097500000000001 0.42366666718749996 0.9112500000000001 0.4303333328125 0.9179999999999999 0.43200000000000005 0.92875 0.438
1 0.17775000000000002 0.4346666671875 0.1825 0.43666666718749997 0.19724999999999998 0.4373333328125 0.49800000000000005 0.43533333281250003 0.495 0.43333333281249997 0.47975 0.4303333328125 0.0655 0.4126666671875 0.020999999999999998 0.41233333281249995 0.01825 0.41500000000000004 0.017249999999999998 0.4186666671875 0.017 0.42766666718749996 0.01975 0.42933333281249997 0.07525 0.4296666671875 0.17775000000000002 0.4346666671875
6 0.02375 0.398 0.02525 0.403 0.031 0.4103333328125 0.0385 0.4146666671875 0.094 0.41566666718749995 0.0985 0.41733333281249996 0.1075 0.4166666671875 0.1145 0.41900000000000004 0.34550000000000003 0.429 0.4016875 0.4296666671875 0.48600000000000004 0.4336666671875 0.49749999999999994 0.43166666718749996 0.496 0.4296666671875 0.49524999999999997 0.42366666718749996 0.49349999999999994 0.422 0.44375 0.40599999999999997 0.42725 0.4063333328125 0.2245 0.369 0.06425 0.3456666671875 0.00775 0.3413333328125 0.01075 0.3433333328125 0.022 0.3763333328125 0.0215 0.395 0.02375 0.398
6 0.841 0.3983333328125 0.8605 0.4 0.86525 0.40199999999999997 0.87225 0.40833333281249995 0.8724999999999999 0.41233333281249995 0.8692500000000001 0.41966666718749995 0.8710000000000001 0.4223333328125 0.90425 0.42366666718749996 0.9085000000000001 0.42000000000000004 0.909 0.4146666671875 0.908 0.4103333328125 0.9425000000000001 0.367 0.9470000000000001 0.36833333281249997 0.951 0.367 0.95175 0.3613333328125 0.9465 0.3586666671875 0.9237500000000001 0.362 0.9087500000000001 0.366 0.8455 0.377 0.82975 0.38133333281250004 0.8255000000000001 0.3843333328125 0.825 0.3963333328125 0.8265 0.40033333281249994 0.8300000000000001 0.40099999999999997 0.841 0.3983333328125
6 0.757 0.40766666718750005 0.764 0.40700000000000003 0.76675 0.4046666671875 0.7713 0.40366666718750005 0.7835 0.4063333328125 0.79325 0.3993333328125 0.79775 0.3986666671875 0.80325 0.3993333328125 0.80625 0.4016666671875 0.8145 0.4023333328125 0.8172499999999999 0.3996666671875 0.819 0.387 0.818 0.384 0.81425 0.3823333328125 0.8007500000000001 0.387 0.76725 0.392 0.74725 0.3983333328125 0.744 0.40099999999999997 0.74375 0.404 0.74775 0.40700000000000003 0.75075 0.4056666671875 0.757 0.40766666718750005
6 0.72475 0.4303333328125 0.72725 0.42766666718749996 0.727 0.42366666718749996 0.725 0.41966666718749995 0.726 0.4126666671875 0.7394999999999999 0.40800000000000003 0.7365 0.4 0.727 0.4033333328125 0.7205 0.4023333328125 0.7030000000000001 0.4073333328125 0.70175 0.40833333281249995 0.701 0.41333333281250006 0.6995 0.41566666718749995 0.70025 0.421 0.69775 0.42800000000000005 0.70675 0.4303333328125 0.72475 0.4303333328125
6 0.67775 0.4313333328125 0.6799999999999999 0.4296666671875 0.68575 0.4313333328125 0.6872499999999999 0.426 0.68625 0.414 0.67425 0.41100000000000003 0.673 0.41200000000000003 0.669 0.42766666718749996 0.6695 0.429 0.6717500000000001 0.4306666671875 0.67775 0.4313333328125
6 0.6605000000000001 0.42766666718749996 0.658 0.426 0.658 0.41966666718749995 0.65125 0.4186666671875 0.642 0.41966666718749995 0.6385 0.42400000000000004 0.6375 0.42766666718749996 0.63825 0.43166666718749996 0.65475 0.43200000000000005 0.6605000000000001 0.42766666718749996
4 0 0 0 0.0936666671875 0.0025 0.0933333328125 0.00575 0.0863333328125 0.013750000000000002 0.0866666671875 0.205 0.1796666671875 0.20800000000000002 0.1853333328125 0.22574999999999998 0.193 0.231 0.197 0.23199999999999998 0.2006666671875 0.23125 0.20400000000000001 0.23199999999999998 0.2136666671875 0.24100000000000002 0.22433333281249998 0.25525000000000003 0.2346666671875 0.258 0.2396666671875 0.25775000000000003 0.244 0.25925 0.2483333328125 0.26375000000000004 0.2553333328125 0.26749999999999996 0.2553333328125 0.269 0.252 0.5395 0.37333333281250003 0.5455 0.387 0.54875 0.38933333281250004 0.553 0.38933333281250004 0.572 0.3846666671875 0.66225 0.3416666671875 0.6641250000000001 0.3391666671875 0.671125 0.3353333328125 0.6735 0.3356666671875 0.678 0.32566666718750004 0.6839999999999999 0.3203333328125 0.6895 0.3206666671875 0.6952499999999999 0.31433333281250003 0.69675 0.31066666718749997 0.70125 0.3063333328125 0.70375 0.3 0.70925 0.29500000000000004 0.712 0.28700000000000003 0.72675 0.2793333328125 0.72875 0.27999999999999997 0.73075 0.2786666671875 0.7405 0.2646666671875 0.74525 0.2606666671875 0.7515 0.2616666671875 0.75625 0.25633333281250004 0.75825 0.24866666718750002 0.764 0.23866666718750001 0.8744999999999999 0.1856666671875 0.877 0.1903333328125 0.8805 0.193 0.889 0.1883333328125 0.8925000000000001 0.1893333328125 0.892 0.1853333328125 0.89975 0.17733333281250002 0.9012499999999999 0.17033333281250002 0.9019999999999999 0.151 0.9045 0.1463333328125 0.9077500000000001 0.1326666671875 0.9099999999999999 0.1306666671875 0.9109999999999999 0.1273333328125 0.9099999999999999 0.1236666671875 0.91325 0.118 0.9155 0.10933333281249999 0.923 0.0926666671875 0.9275 0.09066666718750001 0.9335000000000001 0.0793333328125 0.93925 0.0726666671875 0.9475 0.07133333281250001 0.9560000000000001 0.0796666671875 0.9567500000000001 0.0956666671875 0.9585000000000001 0.0993333328125 0.96 0.11133333281249999 0.96275 0.1186666671875 0.9705 0.1183333328125 0.9724999999999999 0.1136666671875 0.9785 0.1106666671875 0.9824999999999999 0.1193333328125 0.9862500000000001 0.1146666671875 0.9869999999999999 0.10833333281249999 0.99975 0.08333333281250001 0.99975 0.002 0.9977499999999999 0 0.9692500000000001 0 0.9651802500000001 0.002 0.87325 0.003 0.45949999999999996 0.0043333328125 0.09962499999999999 0.0026666671875 0.0866875 0.002 0.08249999999999999 0 0 0